Sequencia	0.002	0.0023	0.0017
Espessura(mm)	6.0
Freq(GHz)	RL
12.400000 	 -0.515672
12.403500 	 -0.518987
12.407000 	 -0.368105
12.410500 	 -0.539968
12.414000 	 -0.477773
12.417500 	 -0.444469
12.421000 	 -0.577056
12.424500 	 -0.531698
12.428000 	 -0.590201
12.431500 	 -0.454116
12.435000 	 -0.324087
12.438500 	 -0.554174
12.442000 	 -0.483977
12.445500 	 -0.399291
12.449000 	 -0.420024
12.452500 	 -0.495682
12.456000 	 -0.498604
12.459500 	 -0.425343
12.463000 	 -0.507548
12.466500 	 -0.464452
12.470000 	 -0.389522
12.473500 	 -0.528017
12.477000 	 -0.473832
12.480500 	 -0.454426
12.484000 	 -0.497217
12.487500 	 -0.442746
12.491000 	 -0.422315
12.494500 	 -0.410665
12.498000 	 -0.502348
12.501500 	 -0.576994
12.505000 	 -0.521584
12.508500 	 -0.439051
12.512000 	 -0.454664
12.515500 	 -0.414435
12.519000 	 -0.468267
12.522500 	 -0.521676
12.526000 	 -0.494884
12.529500 	 -0.450345
12.533000 	 -0.387894
12.536500 	 -0.314374
12.540000 	 -0.380456
12.543500 	 -0.423431
12.547000 	 -0.291657
12.550500 	 -0.388512
12.554000 	 -0.485411
12.557500 	 -0.444780
12.561000 	 -0.541554
12.564500 	 -0.515217
12.568000 	 -0.499176
12.571500 	 -0.418681
12.575000 	 -0.428158
12.578500 	 -0.435039
12.582000 	 -0.417349
12.585500 	 -0.338781
12.589000 	 -0.448135
12.592500 	 -0.433379
12.596000 	 -0.395535
12.599500 	 -0.512250
12.603000 	 -0.493141
12.606500 	 -0.478118
12.610000 	 -0.444762
12.613500 	 -0.484286
12.617000 	 -0.504399
12.620500 	 -0.642636
12.624000 	 -0.417912
12.627500 	 -0.519016
12.631000 	 -0.462402
12.634500 	 -0.454539
12.638000 	 -0.529305
12.641500 	 -0.457431
12.645000 	 -0.504557
12.648500 	 -0.449161
12.652000 	 -0.446662
12.655500 	 -0.548510
12.659000 	 -0.497364
12.662500 	 -0.369347
12.666000 	 -0.495054
12.669500 	 -0.495138
12.673000 	 -0.459843
12.676500 	 -0.442505
12.680000 	 -0.478450
12.683500 	 -0.379717
12.687000 	 -0.432651
12.690500 	 -0.410978
12.694000 	 -0.472586
12.697500 	 -0.435663
12.701000 	 -0.460058
12.704500 	 -0.451547
12.708000 	 -0.412170
12.711500 	 -0.484324
12.715000 	 -0.521197
12.718500 	 -0.397199
12.722000 	 -0.503721
12.725500 	 -0.440347
12.729000 	 -0.526979
12.732500 	 -0.466890
12.736000 	 -0.424089
12.739500 	 -0.499391
12.743000 	 -0.488113
12.746500 	 -0.410124
12.750000 	 -0.556377
12.753500 	 -0.429977
12.757000 	 -0.470563
12.760500 	 -0.377226
12.764000 	 -0.671433
12.767500 	 -0.499699
12.771000 	 -0.400897
12.774500 	 -0.410043
12.778000 	 -0.547216
12.781500 	 -0.580848
12.785000 	 -0.420640
12.788500 	 -0.359810
12.792000 	 -0.484431
12.795500 	 -0.483688
12.799000 	 -0.422045
12.802500 	 -0.352038
12.806000 	 -0.475159
12.809500 	 -0.410798
12.813000 	 -0.392284
12.816500 	 -0.506358
12.820000 	 -0.388548
12.823500 	 -0.475648
12.827000 	 -0.447591
12.830500 	 -0.509733
12.834000 	 -0.457629
12.837500 	 -0.309088
12.841000 	 -0.497559
12.844500 	 -0.286189
12.848000 	 -0.433385
12.851500 	 -0.398243
12.855000 	 -0.416073
12.858500 	 -0.517093
12.862000 	 -0.451100
12.865500 	 -0.459824
12.869000 	 -0.441299
12.872500 	 -0.407744
12.876000 	 -0.425825
12.879500 	 -0.433358
12.883000 	 -0.473510
12.886500 	 -0.454746
12.890000 	 -0.320150
12.893500 	 -0.377421
12.897000 	 -0.445011
12.900500 	 -0.504477
12.904000 	 -0.541477
12.907500 	 -0.460473
12.911000 	 -0.457290
12.914500 	 -0.503028
12.918000 	 -0.541926
12.921500 	 -0.556014
12.925000 	 -0.472850
12.928500 	 -0.443198
12.932000 	 -0.445807
12.935500 	 -0.413237
12.939000 	 -0.348056
12.942500 	 -0.530681
12.946000 	 -0.488980
12.949500 	 -0.430997
12.953000 	 -0.562295
12.956500 	 -0.533219
12.960000 	 -0.515545
12.963500 	 -0.447960
12.967000 	 -0.436143
12.970500 	 -0.381943
12.974000 	 -0.377524
12.977500 	 -0.574941
12.981000 	 -0.579737
12.984500 	 -0.518329
12.988000 	 -0.488916
12.991500 	 -0.424007
12.995000 	 -0.320175
12.998500 	 -0.483797
13.002000 	 -0.384214
13.005500 	 -0.390092
13.009000 	 -0.442797
13.012500 	 -0.468785
13.016000 	 -0.488257
13.019500 	 -0.601283
13.023000 	 -0.582966
13.026500 	 -0.471638
13.030000 	 -0.485348
13.033500 	 -0.427488
13.037000 	 -0.569929
13.040500 	 -0.402782
13.044000 	 -0.509238
13.047500 	 -0.513598
13.051000 	 -0.506541
13.054500 	 -0.593081
13.058000 	 -0.555021
13.061500 	 -0.459424
13.065000 	 -0.530505
13.068500 	 -0.541043
13.072000 	 -0.547272
13.075500 	 -0.487650
13.079000 	 -0.458728
13.082500 	 -0.584987
13.086000 	 -0.522093
13.089500 	 -0.447227
13.093000 	 -0.487687
13.096500 	 -0.472773
13.100000 	 -0.488395
13.103500 	 -0.516637
13.107000 	 -0.534317
13.110500 	 -0.547805
13.114000 	 -0.444784
13.117500 	 -0.532953
13.121000 	 -0.512947
13.124500 	 -0.459718
13.128000 	 -0.389000
13.131500 	 -0.407342
13.135000 	 -0.519787
13.138500 	 -0.425104
13.142000 	 -0.475086
13.145500 	 -0.498884
13.149000 	 -0.403447
13.152500 	 -0.485010
13.156000 	 -0.532721
13.159500 	 -0.593845
13.163000 	 -0.603962
13.166500 	 -0.513168
13.170000 	 -0.469738
13.173500 	 -0.584977
13.177000 	 -0.401927
13.180500 	 -0.479767
13.184000 	 -0.564715
13.187500 	 -0.565853
13.191000 	 -0.478424
13.194500 	 -0.495817
13.198000 	 -0.467497
13.201500 	 -0.477528
13.205000 	 -0.539227
13.208500 	 -0.540926
13.212000 	 -0.516362
13.215500 	 -0.531214
13.219000 	 -0.567615
13.222500 	 -0.538830
13.226000 	 -0.472134
13.229500 	 -0.502799
13.233000 	 -0.504843
13.236500 	 -0.460534
13.240000 	 -0.584962
13.243500 	 -0.591058
13.247000 	 -0.581501
13.250500 	 -0.517875
13.254000 	 -0.484734
13.257500 	 -0.518808
13.261000 	 -0.424085
13.264500 	 -0.528290
13.268000 	 -0.598964
13.271500 	 -0.698980
13.275000 	 -0.240372
13.278500 	 -0.614031
13.282000 	 -0.601894
13.285500 	 -0.566578
13.289000 	 -0.434560
13.292500 	 -0.461375
13.296000 	 -0.545773
13.299500 	 -0.455204
13.303000 	 -0.535990
13.306500 	 -0.521509
13.310000 	 -0.514796
13.313500 	 -0.475426
13.317000 	 -0.561043
13.320500 	 -0.535094
13.324000 	 -0.519940
13.327500 	 -0.483037
13.331000 	 -0.512266
13.334500 	 -0.423152
13.338000 	 -0.445519
13.341500 	 -0.555378
13.345000 	 -0.580516
13.348500 	 -0.477307
13.352000 	 -0.386922
13.355500 	 -0.611468
13.359000 	 -0.424861
13.362500 	 -0.404607
13.366000 	 -0.265120
13.369500 	 -0.501749
13.373000 	 -0.534927
13.376500 	 -0.463604
13.380000 	 -0.472248
13.383500 	 -0.459252
13.387000 	 -0.632877
13.390500 	 -0.505260
13.394000 	 -0.512264
13.397500 	 -0.672876
13.401000 	 -0.509536
13.404500 	 -0.388540
13.408000 	 -0.559049
13.411500 	 -0.577375
13.415000 	 -0.474251
13.418500 	 -0.531085
13.422000 	 -0.536737
13.425500 	 -0.612544
13.429000 	 -0.402228
13.432500 	 -0.531986
13.436000 	 -0.545208
13.439500 	 -0.497481
13.443000 	 -0.592682
13.446500 	 -0.592942
13.450000 	 -0.487116
13.453500 	 -0.563735
13.457000 	 -0.551204
13.460500 	 -0.575005
13.464000 	 -0.627077
13.467500 	 -0.477421
13.471000 	 -0.545505
13.474500 	 -0.470430
13.478000 	 -0.576164
13.481500 	 -0.540735
13.485000 	 -0.516858
13.488500 	 -0.467073
13.492000 	 -0.348781
13.495500 	 -0.512367
13.499000 	 -0.616556
13.502500 	 -0.654057
13.506000 	 -0.579621
13.509500 	 -0.589758
13.513000 	 -0.686948
13.516500 	 -0.585197
13.520000 	 -0.670189
13.523500 	 -0.502989
13.527000 	 -0.574399
13.530500 	 -0.479662
13.534000 	 -0.494509
13.537500 	 -0.510973
13.541000 	 -0.664145
13.544500 	 -0.599364
13.548000 	 -0.487296
13.551500 	 -0.357632
13.555000 	 -0.525557
13.558500 	 -0.558102
13.562000 	 -0.472964
13.565500 	 -0.503141
13.569000 	 -0.661683
13.572500 	 -0.539109
13.576000 	 -0.578957
13.579500 	 -0.528727
13.583000 	 -0.538899
13.586500 	 -0.625672
13.590000 	 -0.598765
13.593500 	 -0.724591
13.597000 	 -0.470454
13.600500 	 -0.477255
13.604000 	 -0.705998
13.607500 	 -0.508102
13.611000 	 -0.594452
13.614500 	 -0.488134
13.618000 	 -0.609113
13.621500 	 -0.653411
13.625000 	 -0.656917
13.628500 	 -0.519725
13.632000 	 -0.689052
13.635500 	 -0.488228
13.639000 	 -0.530856
13.642500 	 -0.482258
13.646000 	 -0.519369
13.649500 	 -0.647272
13.653000 	 -0.585098
13.656500 	 -0.483934
13.660000 	 -0.628329
13.663500 	 -0.537276
13.667000 	 -0.658996
13.670500 	 -0.607226
13.674000 	 -0.586800
13.677500 	 -0.542902
13.681000 	 -0.568800
13.684500 	 -0.600510
13.688000 	 -0.635684
13.691500 	 -0.630517
13.695000 	 -0.669545
13.698500 	 -0.663884
13.702000 	 -0.701793
13.705500 	 -0.554001
13.709000 	 -0.517679
13.712500 	 -0.533267
13.716000 	 -0.571635
13.719500 	 -0.594455
13.723000 	 -0.565364
13.726500 	 -0.467294
13.730000 	 -0.541076
13.733500 	 -0.437652
13.737000 	 -0.569044
13.740500 	 -0.517289
13.744000 	 -0.561133
13.747500 	 -0.576459
13.751000 	 -0.641611
13.754500 	 -0.600651
13.758000 	 -0.596579
13.761500 	 -0.560399
13.765000 	 -0.506073
13.768500 	 -0.485282
13.772000 	 -0.459711
13.775500 	 -0.636806
13.779000 	 -0.621961
13.782500 	 -0.531331
13.786000 	 -0.624810
13.789500 	 -0.610210
13.793000 	 -0.425953
13.796500 	 -0.666650
13.800000 	 -0.519382
13.803500 	 -0.534356
13.807000 	 -0.532246
13.810500 	 -0.624867
13.814000 	 -0.463986
13.817500 	 -0.842685
13.821000 	 -0.621198
13.824500 	 -0.757783
13.828000 	 -0.699509
13.831500 	 -0.693640
13.835000 	 -0.620519
13.838500 	 -0.531705
13.842000 	 -0.657053
13.845500 	 -0.509245
13.849000 	 -0.450312
13.852500 	 -0.719852
13.856000 	 -0.581713
13.859500 	 -0.611588
13.863000 	 -0.566586
13.866500 	 -0.547743
13.870000 	 -0.612757
13.873500 	 -0.559851
13.877000 	 -0.642979
13.880500 	 -0.730582
13.884000 	 -0.590710
13.887500 	 -0.652919
13.891000 	 -0.602895
13.894500 	 -0.562072
13.898000 	 -0.576890
13.901500 	 -0.592217
13.905000 	 -0.613739
13.908500 	 -0.527842
13.912000 	 -0.613429
13.915500 	 -0.525209
13.919000 	 -0.553170
13.922500 	 -0.634063
13.926000 	 -0.699920
13.929500 	 -0.570296
13.933000 	 -0.816687
13.936500 	 -0.656040
13.940000 	 -0.396907
13.943500 	 -0.634878
13.947000 	 -0.783908
13.950500 	 -0.525105
13.954000 	 -0.692096
13.957500 	 -0.538715
13.961000 	 -0.607639
13.964500 	 -0.651126
13.968000 	 -0.552260
13.971500 	 -0.528352
13.975000 	 -0.600717
13.978500 	 -0.630048
13.982000 	 -0.744288
13.985500 	 -0.602822
13.989000 	 -0.582001
13.992500 	 -0.606432
13.996000 	 -0.749921
13.999500 	 -0.691200
14.003000 	 -0.500136
14.006500 	 -0.651704
14.010000 	 -0.623677
14.013500 	 -0.650718
14.017000 	 -0.574898
14.020500 	 -0.587269
14.024000 	 -0.693862
14.027500 	 -0.665946
14.031000 	 -0.553991
14.034500 	 -0.621735
14.038000 	 -0.590648
14.041500 	 -0.578834
14.045000 	 -0.530152
14.048500 	 -0.679446
14.052000 	 -0.721524
14.055500 	 -0.543128
14.059000 	 -0.608032
14.062500 	 -0.531184
14.066000 	 -0.736228
14.069500 	 -0.650568
14.073000 	 -0.627170
14.076500 	 -0.671758
14.080000 	 -0.682768
14.083500 	 -0.675973
14.087000 	 -0.722653
14.090500 	 -0.756385
14.094000 	 -0.740241
14.097500 	 -0.588449
14.101000 	 -0.684608
14.104500 	 -0.747463
14.108000 	 -0.666715
14.111500 	 -0.588354
14.115000 	 -0.699379
14.118500 	 -0.901978
14.122000 	 -0.814904
14.125500 	 -0.815928
14.129000 	 -0.716159
14.132500 	 -0.615880
14.136000 	 -0.592568
14.139500 	 -0.743806
14.143000 	 -0.628688
14.146500 	 -0.723362
14.150000 	 -0.738141
14.153500 	 -0.612827
14.157000 	 -0.760040
14.160500 	 -0.774179
14.164000 	 -0.738699
14.167500 	 -0.692883
14.171000 	 -0.792355
14.174500 	 -0.646766
14.178000 	 -0.685054
14.181500 	 -0.798710
14.185000 	 -0.668538
14.188500 	 -0.644957
14.192000 	 -0.568788
14.195500 	 -0.633598
14.199000 	 -0.656636
14.202500 	 -0.728940
14.206000 	 -0.597884
14.209500 	 -0.642656
14.213000 	 -0.706813
14.216500 	 -0.611925
14.220000 	 -0.690718
14.223500 	 -0.578572
14.227000 	 -0.500947
14.230500 	 -0.500755
14.234000 	 -0.742593
14.237500 	 -0.655729
14.241000 	 -0.431124
14.244500 	 -0.463339
14.248000 	 -0.398460
14.251500 	 -0.441570
14.255000 	 -0.668497
14.258500 	 -0.637419
14.262000 	 -0.605229
14.265500 	 -0.586303
14.269000 	 -0.637031
14.272500 	 -0.693826
14.276000 	 -0.736021
14.279500 	 -0.771251
14.283000 	 -0.636216
14.286500 	 -0.611113
14.290000 	 -0.606056
14.293500 	 -0.789293
14.297000 	 -0.676969
14.300500 	 -0.660161
14.304000 	 -0.680443
14.307500 	 -0.689969
14.311000 	 -0.848503
14.314500 	 -0.772673
14.318000 	 -0.652491
14.321500 	 -0.714654
14.325000 	 -0.769341
14.328500 	 -0.846313
14.332000 	 -0.766067
14.335500 	 -1.009573
14.339000 	 -0.801500
14.342500 	 -0.778479
14.346000 	 -0.724802
14.349500 	 -0.457344
14.353000 	 -0.646296
14.356500 	 -0.648420
14.360000 	 -0.737098
14.363500 	 -0.783507
14.367000 	 -0.739029
14.370500 	 -0.842412
14.374000 	 -0.801348
14.377500 	 -0.875814
14.381000 	 -0.687359
14.384500 	 -0.840998
14.388000 	 -0.720101
14.391500 	 -0.762760
14.395000 	 -0.777251
14.398500 	 -0.611702
14.402000 	 -0.674354
14.405500 	 -0.740604
14.409000 	 -0.675174
14.412500 	 -0.503013
14.416000 	 -0.662244
14.419500 	 -0.703089
14.423000 	 -0.710948
14.426500 	 -0.760311
14.430000 	 -0.645508
14.433500 	 -0.621395
14.437000 	 -0.642532
14.440500 	 -0.687530
14.444000 	 -0.555821
14.447500 	 -0.607768
14.451000 	 -0.707213
14.454500 	 -0.759230
14.458000 	 -0.679320
14.461500 	 -0.818072
14.465000 	 -0.672535
14.468500 	 -0.647402
14.472000 	 -0.784035
14.475500 	 -0.754345
14.479000 	 -0.717745
14.482500 	 -0.681656
14.486000 	 -0.921523
14.489500 	 -0.658423
14.493000 	 -0.681821
14.496500 	 -0.727132
14.500000 	 -0.745698
14.503500 	 -0.660928
14.507000 	 -0.755007
14.510500 	 -0.756828
14.514000 	 -0.831705
14.517500 	 -0.841024
14.521000 	 -0.752762
14.524500 	 -0.808200
14.528000 	 -0.787615
14.531500 	 -0.623508
14.535000 	 -0.810250
14.538500 	 -0.696692
14.542000 	 -0.878155
14.545500 	 -0.844607
14.549000 	 -0.838201
14.552500 	 -0.685792
14.556000 	 -0.769947
14.559500 	 -0.891737
14.563000 	 -0.799452
14.566500 	 -0.674488
14.570000 	 -0.675124
14.573500 	 -0.613468
14.577000 	 -0.996473
14.580500 	 -0.741201
14.584000 	 -0.892470
14.587500 	 -0.667433
14.591000 	 -0.797682
14.594500 	 -0.835812
14.598000 	 -0.668772
14.601500 	 -0.668132
14.605000 	 -0.887309
14.608500 	 -0.765872
14.612000 	 -0.645360
14.615500 	 -0.754690
14.619000 	 -0.752331
14.622500 	 -0.717231
14.626000 	 -0.918330
14.629500 	 -0.838716
14.633000 	 -0.771962
14.636500 	 -0.623371
14.640000 	 -0.767682
14.643500 	 -0.810374
14.647000 	 -0.802563
14.650500 	 -0.645676
14.654000 	 -0.834232
14.657500 	 -0.802331
14.661000 	 -0.877765
14.664500 	 -0.777168
14.668000 	 -0.813842
14.671500 	 -0.896877
14.675000 	 -0.859109
14.678500 	 -0.770674
14.682000 	 -0.779500
14.685500 	 -0.802001
14.689000 	 -0.816636
14.692500 	 -0.882135
14.696000 	 -0.710288
14.699500 	 -0.966046
14.703000 	 -0.733456
14.706500 	 -0.709889
14.710000 	 -0.781521
14.713500 	 -0.784608
14.717000 	 -0.753763
14.720500 	 -0.878330
14.724000 	 -0.901404
14.727500 	 -0.726005
14.731000 	 -0.843487
14.734500 	 -0.754854
14.738000 	 -0.816539
14.741500 	 -0.733196
14.745000 	 -0.774395
14.748500 	 -0.826306
14.752000 	 -0.822558
14.755500 	 -0.879603
14.759000 	 -0.842291
14.762500 	 -0.615473
14.766000 	 -0.867185
14.769500 	 -0.827843
14.773000 	 -0.958057
14.776500 	 -0.923844
14.780000 	 -0.872052
14.783500 	 -0.895022
14.787000 	 -0.951352
14.790500 	 -0.888076
14.794000 	 -0.824717
14.797500 	 -0.838931
14.801000 	 -0.696045
14.804500 	 -1.023071
14.808000 	 -0.887342
14.811500 	 -0.943764
14.815000 	 -0.949574
14.818500 	 -0.830820
14.822000 	 -1.005248
14.825500 	 -0.480720
14.829000 	 -0.855102
14.832500 	 -0.824763
14.836000 	 -0.855169
14.839500 	 -0.863479
14.843000 	 -0.830051
14.846500 	 -0.920459
14.850000 	 -0.825384
14.853500 	 -0.860416
14.857000 	 -0.767874
14.860500 	 -0.924450
14.864000 	 -0.882821
14.867500 	 -0.807954
14.871000 	 -0.887070
14.874500 	 -0.939608
14.878000 	 -0.884477
14.881500 	 -0.856255
14.885000 	 -0.970304
14.888500 	 -0.838923
14.892000 	 -0.888793
14.895500 	 -0.807632
14.899000 	 -0.876646
14.902500 	 -0.918536
14.906000 	 -1.081474
14.909500 	 -0.773357
14.913000 	 -1.096237
14.916500 	 -0.805942
14.920000 	 -0.845251
14.923500 	 -0.848270
14.927000 	 -0.683512
14.930500 	 -0.970907
14.934000 	 -0.986337
14.937500 	 -1.016735
14.941000 	 -0.869772
14.944500 	 -0.937071
14.948000 	 -0.947071
14.951500 	 -0.880393
14.955000 	 -0.946259
14.958500 	 -0.973752
14.962000 	 -0.983127
14.965500 	 -1.020726
14.969000 	 -0.946172
14.972500 	 -0.878653
14.976000 	 -0.874701
14.979500 	 -0.787055
14.983000 	 -1.082685
14.986500 	 -0.789258
14.990000 	 -0.934050
14.993500 	 -1.067412
14.997000 	 -0.696309
15.000500 	 -0.907927
15.004000 	 -0.690948
15.007500 	 -0.948223
15.011000 	 -0.806827
15.014500 	 -0.994629
15.018000 	 -0.969520
15.021500 	 -0.716131
15.025000 	 -0.690957
15.028500 	 -0.950521
15.032000 	 -0.915045
15.035500 	 -1.016639
15.039000 	 -0.823907
15.042500 	 -1.123990
15.046000 	 -0.816858
15.049500 	 -0.952935
15.053000 	 -0.999171
15.056500 	 -0.765540
15.060000 	 -0.822357
15.063500 	 -1.160200
15.067000 	 -1.095601
15.070500 	 -0.914161
15.074000 	 -0.990007
15.077500 	 -0.826359
15.081000 	 -0.918735
15.084500 	 -0.869662
15.088000 	 -1.261236
15.091500 	 -0.824653
15.095000 	 -0.972673
15.098500 	 -1.189090
15.102000 	 -0.956916
15.105500 	 -0.843536
15.109000 	 -0.916925
15.112500 	 -1.117858
15.116000 	 -0.931957
15.119500 	 -0.875124
15.123000 	 -1.076822
15.126500 	 -0.917856
15.130000 	 -1.055414
15.133500 	 -0.837048
15.137000 	 -0.912941
15.140500 	 -0.903377
15.144000 	 -1.160199
15.147500 	 -0.784441
15.151000 	 -1.117055
15.154500 	 -0.836557
15.158000 	 -0.852721
15.161500 	 -0.940146
15.165000 	 -1.011376
15.168500 	 -1.031813
15.172000 	 -1.039973
15.175500 	 -1.156597
15.179000 	 -1.145635
15.182500 	 -1.014048
15.186000 	 -0.987197
15.189500 	 -1.050670
15.193000 	 -1.262567
15.196500 	 -1.110724
15.200000 	 -0.955675
15.203500 	 -0.989409
15.207000 	 -1.070763
15.210500 	 -1.116154
15.214000 	 -1.073749
15.217500 	 -0.991277
15.221000 	 -0.966338
15.224500 	 -0.888052
15.228000 	 -1.149506
15.231500 	 -1.158032
15.235000 	 -1.075045
15.238500 	 -0.876487
15.242000 	 -1.062818
15.245500 	 -1.337748
15.249000 	 -1.025342
15.252500 	 -1.050950
15.256000 	 -1.196918
15.259500 	 -1.265257
15.263000 	 -1.056490
15.266500 	 -1.042139
15.270000 	 -1.087268
15.273500 	 -1.147397
15.277000 	 -1.197023
15.280500 	 -1.156829
15.284000 	 -1.170754
15.287500 	 -1.168072
15.291000 	 -1.027562
15.294500 	 -1.279550
15.298000 	 -1.086765
15.301500 	 -1.184828
15.305000 	 -1.027406
15.308500 	 -1.123799
15.312000 	 -1.132099
15.315500 	 -1.082538
15.319000 	 -0.990057
15.322500 	 -1.371762
15.326000 	 -1.261091
15.329500 	 -0.918969
15.333000 	 -1.232739
15.336500 	 -1.243209
15.340000 	 -1.360942
15.343500 	 -1.352498
15.347000 	 -1.000631
15.350500 	 -1.164952
15.354000 	 -1.079114
15.357500 	 -1.170143
15.361000 	 -1.108259
15.364500 	 -1.225770
15.368000 	 -1.240170
15.371500 	 -1.202001
15.375000 	 -1.011644
15.378500 	 -1.225419
15.382000 	 -1.179973
15.385500 	 -1.081394
15.389000 	 -1.127716
15.392500 	 -1.049137
15.396000 	 -1.298548
15.399500 	 -1.104606
15.403000 	 -1.167071
15.406500 	 -1.043561
15.410000 	 -1.260397
15.413500 	 -1.206921
15.417000 	 -1.091910
15.420500 	 -1.250048
15.424000 	 -1.568585
15.427500 	 -1.277698
15.431000 	 -1.234853
15.434500 	 -1.004492
15.438000 	 -1.196586
15.441500 	 -1.105981
15.445000 	 -1.275271
15.448500 	 -1.293531
15.452000 	 -1.276338
15.455500 	 -1.176299
15.459000 	 -1.331277
15.462500 	 -1.562267
15.466000 	 -1.262439
15.469500 	 -1.380222
15.473000 	 -1.195047
15.476500 	 -1.027241
15.480000 	 -1.116123
15.483500 	 -1.299324
15.487000 	 -1.483011
15.490500 	 -1.325039
15.494000 	 -1.228469
15.497500 	 -1.279108
15.501000 	 -1.265644
15.504500 	 -1.246248
15.508000 	 -1.156195
15.511500 	 -1.587725
15.515000 	 -1.154235
15.518500 	 -1.252048
15.522000 	 -1.290013
15.525500 	 -1.245047
15.529000 	 -1.408775
15.532500 	 -1.067293
15.536000 	 -1.155472
15.539500 	 -1.263767
15.543000 	 -1.126268
15.546500 	 -1.236745
15.550000 	 -1.287526
15.553500 	 -1.270976
15.557000 	 -1.301415
15.560500 	 -1.134433
15.564000 	 -1.154255
15.567500 	 -1.322138
15.571000 	 -1.007428
15.574500 	 -1.361477
15.578000 	 -1.341973
15.581500 	 -1.296109
15.585000 	 -1.432455
15.588500 	 -1.335659
15.592000 	 -1.171377
15.595500 	 -1.102270
15.599000 	 -1.447536
15.602500 	 -1.271686
15.606000 	 -1.306350
15.609500 	 -1.263281
15.613000 	 -1.388837
15.616500 	 -1.520112
15.620000 	 -1.438083
15.623500 	 -1.332432
15.627000 	 -1.295198
15.630500 	 -1.380023
15.634000 	 -1.321012
15.637500 	 -1.423913
15.641000 	 -1.520687
15.644500 	 -1.568570
15.648000 	 -1.343716
15.651500 	 -1.184305
15.655000 	 -1.419133
15.658500 	 -1.450197
15.662000 	 -1.417153
15.665500 	 -1.370996
15.669000 	 -1.411927
15.672500 	 -1.405487
15.676000 	 -1.447449
15.679500 	 -1.207740
15.683000 	 -1.803296
15.686500 	 -1.343681
15.690000 	 -1.341163
15.693500 	 -1.534439
15.697000 	 -1.494100
15.700500 	 -1.376740
15.704000 	 -1.435691
15.707500 	 -1.584253
15.711000 	 -1.618119
15.714500 	 -1.612557
15.718000 	 -1.628385
15.721500 	 -1.426726
15.725000 	 -1.440198
15.728500 	 -1.529441
15.732000 	 -1.539888
15.735500 	 -1.591985
15.739000 	 -1.743018
15.742500 	 -1.752869
15.746000 	 -1.551249
15.749500 	 -1.442141
15.753000 	 -1.541896
15.756500 	 -1.830923
15.760000 	 -1.355987
15.763500 	 -1.648164
15.767000 	 -1.812138
15.770500 	 -1.592532
15.774000 	 -1.757802
15.777500 	 -1.722879
15.781000 	 -1.801632
15.784500 	 -1.525238
15.788000 	 -1.519442
15.791500 	 -1.677818
15.795000 	 -1.303730
15.798500 	 -1.548100
15.802000 	 -1.885214
15.805500 	 -2.052650
15.809000 	 -1.620111
15.812500 	 -1.625804
15.816000 	 -2.005587
15.819500 	 -1.762980
15.823000 	 -1.531482
15.826500 	 -1.908238
15.830000 	 -1.792271
15.833500 	 -1.796353
15.837000 	 -1.678859
15.840500 	 -1.896943
15.844000 	 -1.978946
15.847500 	 -1.735080
15.851000 	 -1.857297
15.854500 	 -1.918538
15.858000 	 -2.026655
15.861500 	 -1.836010
15.865000 	 -1.912848
15.868500 	 -2.005853
15.872000 	 -1.898631
15.875500 	 -1.943212
15.879000 	 -1.897913
15.882500 	 -2.045695
15.886000 	 -1.821357
15.889500 	 -2.078125
15.893000 	 -1.953750
15.896500 	 -2.035826
15.900000 	 -1.911082
15.903500 	 -2.284669
15.907000 	 -1.941207
15.910500 	 -1.790689
15.914000 	 -2.088665
15.917500 	 -2.062560
15.921000 	 -2.416263
15.924500 	 -1.912775
15.928000 	 -2.231130
15.931500 	 -2.133983
15.935000 	 -2.265013
15.938500 	 -2.267215
15.942000 	 -2.111076
15.945500 	 -2.210362
15.949000 	 -2.116639
15.952500 	 -2.059244
15.956000 	 -2.042733
15.959500 	 -2.433591
15.963000 	 -2.447480
15.966500 	 -2.144043
15.970000 	 -2.440566
15.973500 	 -1.965790
15.977000 	 -1.972372
15.980500 	 -2.060380
15.984000 	 -2.331712
15.987500 	 -2.070157
15.991000 	 -2.530096
15.994500 	 -2.389531
15.998000 	 -2.278647
16.001500 	 -2.330779
16.005000 	 -2.599363
16.008500 	 -2.498330
16.012000 	 -2.372821
16.015500 	 -2.772689
16.019000 	 -2.362478
16.022500 	 -2.392133
16.026000 	 -2.348499
16.029500 	 -2.547388
16.033000 	 -2.266636
16.036500 	 -2.502258
16.040000 	 -2.394997
16.043500 	 -2.686543
16.047000 	 -2.424590
16.050500 	 -2.487010
16.054000 	 -2.787080
16.057500 	 -2.630850
16.061000 	 -2.639034
16.064500 	 -2.652031
16.068000 	 -2.727513
16.071500 	 -2.694275
16.075000 	 -2.928205
16.078500 	 -2.795466
16.082000 	 -2.833862
16.085500 	 -2.617231
16.089000 	 -2.733643
16.092500 	 -3.015796
16.096000 	 -2.586108
16.099500 	 -2.888461
16.103000 	 -2.807221
16.106500 	 -2.781183
16.110000 	 -3.186095
16.113500 	 -3.222073
16.117000 	 -3.015369
16.120500 	 -3.419212
16.124000 	 -2.888616
16.127500 	 -3.119503
16.131000 	 -3.167874
16.134500 	 -3.265219
16.138000 	 -3.317782
16.141500 	 -3.236316
16.145000 	 -3.548852
16.148500 	 -3.735763
16.152000 	 -3.553903
16.155500 	 -3.816665
16.159000 	 -3.547735
16.162500 	 -3.750708
16.166000 	 -3.722124
16.169500 	 -3.730666
16.173000 	 -3.716885
16.176500 	 -3.912666
16.180000 	 -4.216056
16.183500 	 -4.103221
16.187000 	 -3.701585
16.190500 	 -4.369645
16.194000 	 -3.974045
16.197500 	 -4.426423
16.201000 	 -4.170260
16.204500 	 -4.247275
16.208000 	 -4.587204
16.211500 	 -4.413103
16.215000 	 -4.201537
16.218500 	 -4.683263
16.222000 	 -4.465156
16.225500 	 -4.288305
16.229000 	 -4.394844
16.232500 	 -4.173437
16.236000 	 -4.664277
16.239500 	 -4.319356
16.243000 	 -4.304804
16.246500 	 -4.186172
16.250000 	 -4.373473
16.253500 	 -4.153532
16.257000 	 -4.372093
16.260500 	 -4.672417
16.264000 	 -3.968530
16.267500 	 -4.509672
16.271000 	 -4.120282
16.274500 	 -4.139629
16.278000 	 -4.175244
16.281500 	 -4.238153
16.285000 	 -3.956936
16.288500 	 -4.110367
16.292000 	 -4.020746
16.295500 	 -3.854417
16.299000 	 -3.926209
16.302500 	 -3.891135
16.306000 	 -3.590407
16.309500 	 -3.367656
16.313000 	 -3.674777
16.316500 	 -3.738605
16.320000 	 -3.381378
16.323500 	 -3.582238
16.327000 	 -3.353900
16.330500 	 -3.158616
16.334000 	 -3.199471
16.337500 	 -3.097848
16.341000 	 -3.473379
16.344500 	 -3.194128
16.348000 	 -3.107595
16.351500 	 -3.041756
16.355000 	 -3.215456
16.358500 	 -2.943709
16.362000 	 -2.830007
16.365500 	 -3.067245
16.369000 	 -2.605701
16.372500 	 -2.728972
16.376000 	 -2.696441
16.379500 	 -2.988040
16.383000 	 -2.878492
16.386500 	 -2.735646
16.390000 	 -2.612842
16.393500 	 -2.992769
16.397000 	 -2.806223
16.400500 	 -2.486366
16.404000 	 -2.585053
16.407500 	 -2.369381
16.411000 	 -2.644652
16.414500 	 -2.635926
16.418000 	 -2.565541
16.421500 	 -2.585515
16.425000 	 -2.784443
16.428500 	 -2.318323
16.432000 	 -2.370146
16.435500 	 -2.393314
16.439000 	 -2.453417
16.442500 	 -2.521202
16.446000 	 -2.435843
16.449500 	 -2.461798
16.453000 	 -2.457382
16.456500 	 -2.875815
16.460000 	 -2.672137
16.463500 	 -2.428566
16.467000 	 -2.178740
16.470500 	 -2.329638
16.474000 	 -2.378723
16.477500 	 -2.269083
16.481000 	 -2.035791
16.484500 	 -2.498498
16.488000 	 -2.493813
16.491500 	 -2.514135
16.495000 	 -2.275350
16.498500 	 -2.379231
16.502000 	 -2.401987
16.505500 	 -2.234155
16.509000 	 -2.256565
16.512500 	 -2.395590
16.516000 	 -2.302437
16.519500 	 -2.352678
16.523000 	 -2.265656
16.526500 	 -2.284250
16.530000 	 -2.407160
16.533500 	 -2.335192
16.537000 	 -2.485929
16.540500 	 -1.891326
16.544000 	 -2.422620
16.547500 	 -2.903858
16.551000 	 -2.165244
16.554500 	 -2.076589
16.558000 	 -2.233493
16.561500 	 -2.124519
16.565000 	 -2.812588
16.568500 	 -2.575124
16.572000 	 -2.345964
16.575500 	 -2.392002
16.579000 	 -2.267021
16.582500 	 -2.117225
16.586000 	 -2.320681
16.589500 	 -2.380654
16.593000 	 -2.127523
16.596500 	 -2.163643
16.600000 	 -2.084125
16.603500 	 -2.416821
16.607000 	 -2.452154
16.610500 	 -2.204569
16.614000 	 -2.023624
16.617500 	 -2.345520
16.621000 	 -2.274883
16.624500 	 -2.001836
16.628000 	 -2.360118
16.631500 	 -2.077030
16.635000 	 -2.108530
16.638500 	 -2.485720
16.642000 	 -1.919076
16.645500 	 -2.403173
16.649000 	 -2.023337
16.652500 	 -1.921779
16.656000 	 -2.486167
16.659500 	 -2.326440
16.663000 	 -1.747978
16.666500 	 -2.277170
16.670000 	 -2.026585
16.673500 	 -2.107367
16.677000 	 -1.824715
16.680500 	 -2.158525
16.684000 	 -2.208679
16.687500 	 -2.177730
16.691000 	 -2.386916
16.694500 	 -2.486189
16.698000 	 -2.566057
16.701500 	 -2.332228
16.705000 	 -2.189971
16.708500 	 -2.277900
16.712000 	 -2.189231
16.715500 	 -2.252419
16.719000 	 -2.221832
16.722500 	 -2.276949
16.726000 	 -2.700061
16.729500 	 -2.294719
16.733000 	 -1.993633
16.736500 	 -2.204896
16.740000 	 -2.130008
16.743500 	 -2.407028
16.747000 	 -2.517726
16.750500 	 -2.338749
16.754000 	 -2.366663
16.757500 	 -2.124342
16.761000 	 -2.563180
16.764500 	 -2.173204
16.768000 	 -2.539802
16.771500 	 -1.835476
16.775000 	 -2.242759
16.778500 	 -2.338397
16.782000 	 -2.232276
16.785500 	 -2.221777
16.789000 	 -1.912446
16.792500 	 -2.758904
16.796000 	 -2.141528
16.799500 	 -2.523699
16.803000 	 -2.516440
16.806500 	 -1.894315
16.810000 	 -2.204460
16.813500 	 -2.490128
16.817000 	 -2.417055
16.820500 	 -2.492436
16.824000 	 -2.087190
16.827500 	 -2.356945
16.831000 	 -2.528029
16.834500 	 -2.214766
16.838000 	 -2.471664
16.841500 	 -2.619303
16.845000 	 -2.361992
16.848500 	 -2.286774
16.852000 	 -2.314296
16.855500 	 -2.478173
16.859000 	 -2.469505
16.862500 	 -2.528603
16.866000 	 -2.485030
16.869500 	 -2.471127
16.873000 	 -2.304726
16.876500 	 -2.769278
16.880000 	 -1.617699
16.883500 	 -2.800584
16.887000 	 -2.555556
16.890500 	 -2.872402
16.894000 	 -2.386104
16.897500 	 -2.712996
16.901000 	 -2.756813
16.904500 	 -2.677506
16.908000 	 -2.348022
16.911500 	 -2.673330
16.915000 	 -2.102614
16.918500 	 -2.403298
16.922000 	 -2.702679
16.925500 	 -2.580670
16.929000 	 -2.647128
16.932500 	 -2.414533
16.936000 	 -2.409685
16.939500 	 -2.782077
16.943000 	 -2.366789
16.946500 	 -2.530844
16.950000 	 -2.751674
16.953500 	 -2.728144
16.957000 	 -2.294843
16.960500 	 -2.545908
16.964000 	 -2.309863
16.967500 	 -3.034180
16.971000 	 -2.491523
16.974500 	 -2.053589
16.978000 	 -2.238901
16.981500 	 -2.510562
16.985000 	 -2.426061
16.988500 	 -2.665255
16.992000 	 -2.443291
16.995500 	 -2.354826
16.999000 	 -2.504147
17.002500 	 -2.486756
17.006000 	 -2.735472
17.009500 	 -2.541302
17.013000 	 -2.858664
17.016500 	 -2.726977
17.020000 	 -2.480207
17.023500 	 -2.451868
17.027000 	 -2.589375
17.030500 	 -2.377406
17.034000 	 -2.774232
17.037500 	 -2.754092
17.041000 	 -2.521060
17.044500 	 -2.778998
17.048000 	 -2.634753
17.051500 	 -2.615090
17.055000 	 -2.595140
17.058500 	 -2.363513
17.062000 	 -2.702544
17.065500 	 -2.462913
17.069000 	 -2.856020
17.072500 	 -2.718483
17.076000 	 -2.315523
17.079500 	 -2.492870
17.083000 	 -3.317901
17.086500 	 -2.608998
17.090000 	 -2.942522
17.093500 	 -3.033016
17.097000 	 -2.966734
17.100500 	 -2.377151
17.104000 	 -2.361820
17.107500 	 -2.414785
17.111000 	 -2.485601
17.114500 	 -2.484300
17.118000 	 -2.196990
17.121500 	 -2.571330
17.125000 	 -2.855999
17.128500 	 -2.404442
17.132000 	 -2.545773
17.135500 	 -2.851645
17.139000 	 -2.524544
17.142500 	 -2.982995
17.146000 	 -2.798188
17.149500 	 -2.708748
17.153000 	 -2.465518
17.156500 	 -2.629597
17.160000 	 -2.868626
17.163500 	 -3.148559
17.167000 	 -2.893873
17.170500 	 -2.557506
17.174000 	 -2.742858
17.177500 	 -2.871411
17.181000 	 -3.104773
17.184500 	 -2.835848
17.188000 	 -3.218693
17.191500 	 -2.837098
17.195000 	 -2.804154
17.198500 	 -2.474908
17.202000 	 -2.936322
17.205500 	 -3.023128
17.209000 	 -3.106790
17.212500 	 -3.188188
17.216000 	 -2.967228
17.219500 	 -2.511737
17.223000 	 -2.856987
17.226500 	 -2.983252
17.230000 	 -3.039461
17.233500 	 -3.248715
17.237000 	 -2.439563
17.240500 	 -2.694389
17.244000 	 -3.143667
17.247500 	 -3.193151
17.251000 	 -3.054448
17.254500 	 -2.654853
17.258000 	 -3.003708
17.261500 	 -2.664262
17.265000 	 -2.705501
17.268500 	 -2.801675
17.272000 	 -2.564644
17.275500 	 -2.770526
17.279000 	 -2.890867
17.282500 	 -2.711121
17.286000 	 -3.184317
17.289500 	 -2.910272
17.293000 	 -2.819023
17.296500 	 -2.856436
17.300000 	 -2.882550
17.303500 	 -2.395301
17.307000 	 -2.956797
17.310500 	 -3.056996
17.314000 	 -2.698315
17.317500 	 -3.027896
17.321000 	 -2.685864
17.324500 	 -2.796139
17.328000 	 -3.378503
17.331500 	 -2.042706
17.335000 	 -2.546019
17.338500 	 -2.858905
17.342000 	 -3.197089
17.345500 	 -2.921082
17.349000 	 -2.654107
17.352500 	 -3.117746
17.356000 	 -2.922761
17.359500 	 -2.749130
17.363000 	 -2.928155
17.366500 	 -2.916675
17.370000 	 -2.966225
17.373500 	 -2.953481
17.377000 	 -3.049669
17.380500 	 -2.476845
17.384000 	 -3.113157
17.387500 	 -3.149851
17.391000 	 -2.768563
17.394500 	 -2.866259
17.398000 	 -3.116556
17.401500 	 -2.713531
17.405000 	 -3.248067
17.408500 	 -2.692597
17.412000 	 -2.853472
17.415500 	 -2.637159
17.419000 	 -3.128457
17.422500 	 -3.060945
17.426000 	 -2.601476
17.429500 	 -2.821498
17.433000 	 -2.776849
17.436500 	 -2.784013
17.440000 	 -3.366535
17.443500 	 -2.969645
17.447000 	 -2.695037
17.450500 	 -2.940441
17.454000 	 -3.144025
17.457500 	 -3.429826
17.461000 	 -3.213296
17.464500 	 -2.867230
17.468000 	 -2.574372
17.471500 	 -3.278431
17.475000 	 -3.066039
17.478500 	 -3.421149
17.482000 	 -3.362981
17.485500 	 -2.980957
17.489000 	 -2.920010
17.492500 	 -2.990706
17.496000 	 -2.839651
17.499500 	 -3.201716
17.503000 	 -3.273890
17.506500 	 -2.739744
17.510000 	 -2.879416
17.513500 	 -2.738369
17.517000 	 -3.113595
17.520500 	 -2.810079
17.524000 	 -2.618031
17.527500 	 -2.887192
17.531000 	 -2.727169
17.534500 	 -3.190948
17.538000 	 -2.860987
17.541500 	 -3.127003
17.545000 	 -2.459673
17.548500 	 -2.438778
17.552000 	 -2.768254
17.555500 	 -3.373317
17.559000 	 -3.030644
17.562500 	 -3.341071
17.566000 	 -2.879707
17.569500 	 -3.192268
17.573000 	 -3.179377
17.576500 	 -3.459856
17.580000 	 -3.221972
17.583500 	 -3.291387
17.587000 	 -3.465683
17.590500 	 -2.730431
17.594000 	 -3.218266
17.597500 	 -3.449918
17.601000 	 -3.147098
17.604500 	 -3.011311
17.608000 	 -3.439395
17.611500 	 -3.563324
17.615000 	 -3.456100
17.618500 	 -3.539795
17.622000 	 -3.451894
17.625500 	 -3.417256
17.629000 	 -3.282810
17.632500 	 -3.196388
17.636000 	 -3.253402
17.639500 	 -3.765559
17.643000 	 -2.953801
17.646500 	 -3.588742
17.650000 	 -2.869000
17.653500 	 -3.839138
17.657000 	 -3.373723
17.660500 	 -3.333095
17.664000 	 -2.814939
17.667500 	 -3.185725
17.671000 	 -2.781772
17.674500 	 -3.314121
17.678000 	 -3.061858
17.681500 	 -3.367269
17.685000 	 -3.125315
17.688500 	 -3.100954
17.692000 	 -2.933060
17.695500 	 -3.043136
17.699000 	 -3.041845
17.702500 	 -3.216335
17.706000 	 -3.110753
17.709500 	 -3.226003
17.713000 	 -3.278009
17.716500 	 -3.319334
17.720000 	 -3.340770
17.723500 	 -3.159009
17.727000 	 -3.023320
17.730500 	 -3.290622
17.734000 	 -3.134138
17.737500 	 -3.032579
17.741000 	 -3.625678
17.744500 	 -3.125431
17.748000 	 -3.263548
17.751500 	 -3.425443
17.755000 	 -2.555883
17.758500 	 -2.823262
17.762000 	 -3.278212
17.765500 	 -3.123307
17.769000 	 -2.925075
17.772500 	 -3.319113
17.776000 	 -2.861332
17.779500 	 -2.955353
17.783000 	 -2.993766
17.786500 	 -3.393378
17.790000 	 -3.488603
17.793500 	 -3.337106
17.797000 	 -3.256201
17.800500 	 -3.127423
17.804000 	 -3.064080
17.807500 	 -3.438923
17.811000 	 -3.519875
17.814500 	 -3.263855
17.818000 	 -3.157019
17.821500 	 -3.512754
17.825000 	 -3.382565
17.828500 	 -3.377691
17.832000 	 -3.413715
17.835500 	 -3.332841
17.839000 	 -3.505068
17.842500 	 -3.649342
17.846000 	 -3.173500
17.849500 	 -3.261530
17.853000 	 -3.168874
17.856500 	 -2.988676
17.860000 	 -2.648405
17.863500 	 -3.343750
17.867000 	 -3.814443
17.870500 	 -2.761852
17.874000 	 -3.330531
17.877500 	 -3.008429
17.881000 	 -3.223963
17.884500 	 -3.023595
17.888000 	 -3.462202
17.891500 	 -3.549427
17.895000 	 -3.241642
17.898500 	 -3.177115
17.902000 	 -3.135986
17.905500 	 -3.405648
17.909000 	 -3.606677
17.912500 	 -3.717612
17.916000 	 -3.266678
17.919500 	 -3.362431
17.923000 	 -3.233473
17.926500 	 -3.360387
17.930000 	 -3.040912
17.933500 	 -3.088718
17.937000 	 -3.195633
17.940500 	 -3.193246
17.944000 	 -3.152923
17.947500 	 -2.952303
17.951000 	 -3.054300
17.954500 	 -3.363796
17.958000 	 -3.454918
17.961500 	 -3.201200
17.965000 	 -3.543315
17.968500 	 -2.620422
17.972000 	 -3.310029
17.975500 	 -3.306101
17.979000 	 -3.094687
17.982500 	 -2.905549
17.986000 	 -2.968434
17.989500 	 -3.209027
17.993000 	 -3.099430
17.996500 	 -3.933947
18.000000 	 -3.106425
